0,          0,          0,        1,  4478976, 91581601ca37799ae72617aa8cbe1549
0,          1,          1,        1,  4478976, 9e6088be73f724c3ccfdc3c34a4a30d1
0,          2,          2,        1,  4478976, 6b5eeeaeb2f826306da0bace188070a3
0,          3,          3,        1,  4478976, fcea71ff96092d6449f4af882deb58d8
0,          4,          4,        1,  4478976, 6bcc7c0ad4627090f3720ec247b25e93
0,          5,          5,        1,  4478976, a92777acdb6789820da8ed7bfd905e57
0,          6,          6,        1,  4478976, 285e7507afd83843cf0f01c13945b60c
0,          7,          7,        1,  4478976, ab388ef0234dbd877e4ab05a06897e9c
0,          8,          8,        1,  4478976, 23a5d1418e9b32a7808ee719569c326a
0,          9,          9,        1,  4478976, 2059aa2b13a3d82306e018c91260a11a
0,         10,         10,        1,  4478976, 1dc6f8c4abd29b5b74b26f7a0c59aa81
0,         11,         11,        1,  4478976, 8f16ae641f1ee312956ed659b853855b
0,         12,         12,        1,  4478976, f3dfade5ce665ff3e6e29e9816575729
0,         13,         13,        1,  4478976, d660baa1c8b343dce5e2649811a0ae0a
0,         14,         14,        1,  4478976, c840d74a0978243e657406aed595f029
0,         15,         15,        1,  4478976, 97204d7bbc8bbd63646e51f3e8044bed
0,         16,         16,        1,  4478976, 3fcb34d1e36049312c534a2fb06c9844
0,         17,         17,        1,  4478976, ff2e84de37822fced975aa317b82da73
0,         18,         18,        1,  4478976, 5e9c9d29c8ed419bec62affec070c88d
0,         19,         19,        1,  4478976, 729722aed3e9fea8192e9f8fba6d278c
0,         20,         20,        1,  4478976, 6c69b652f0e8e820beaaaf9f98a3b3ca
0,         21,         21,        1,  4478976, 3a7745d4d241a91838c977a923bed4ea
0,         22,         22,        1,  4478976, d49a2e00c5fc2708bd6761c6cb179cf0
0,         23,         23,        1,  4478976, 48727b6e1a625c8cf034a6482cdd6966
0,         24,         24,        1,  4478976, 8b64186d1872be12caa8f0c9440519bc
0,         25,         25,        1,  4478976, 41f614e951a3dfefb808ed2949173642
0,         26,         26,        1,  4478976, 79e50b8fc7fa66423f14a80aff435453
0,         27,         27,        1,  4478976, dfcc45031d82b5ec14f888fb6d119b3a
0,         28,         28,        1,  4478976, e6303af85b9500c088144a52122f45cd
0,         29,         29,        1,  4478976, 03aca729408fcb211697bebfe8cf838a
0,         30,         30,        1,  4478976, 2c3cd8bc4b655752ddc30074af3ed391
0,         31,         31,        1,  4478976, 3585ec6b7c24ede57f1b210363886aea
0,         32,         32,        1,  4478976, 47f9232888ba51adb82ab3b18ace59c1
0,         33,         33,        1,  4478976, 47ba7fb1177d61b3a4e455f19ae73f83
0,         34,         34,        1,  4478976, 2c9f8d34cadee9f2d1f27562e246e7a4
0,         35,         35,        1,  4478976, 2fe0cac811f65e544fc0ac772cfc8a91
0,         36,         36,        1,  4478976, 8de43f4e1e35391b098934b0ef664e35
0,         37,         37,        1,  4478976, 1a0f44d9e94904b4492a2c612d7249b3
0,         38,         38,        1,  4478976, 47544b68e51f0880b4e842d3f0fb9f97
0,         39,         39,        1,  4478976, dda281759686c14342cd2181d39b570c
0,         40,         40,        1,  4478976, 295c1e52ffcce9dd8eef3710ec0e2c3b
0,         41,         41,        1,  4478976, cf9b306388b8b0b72dd6396a93265ab4
0,         42,         42,        1,  4478976, b56ff7e8a513978bf0fd6e331017a440
0,         43,         43,        1,  4478976, 9e9f09a5947e5e9d24c7a74a18a7f327
0,         44,         44,        1,  4478976, d0765518917eae79c7542e0f932bdc35
0,         45,         45,        1,  4478976, ff03401be28883418051c0587ddd903c
0,         46,         46,        1,  4478976, 67595c6b149d834096d2a6cfd29dd627
0,         47,         47,        1,  4478976, baa3f7221133cd4c109f7efef71b6930
0,         48,         48,        1,  4478976, a66f638e1177ad86875e8c8f9240230a
0,         49,         49,        1,  4478976, c8f4a067b4d26052eccde0ebade94ec9
0,         50,         50,        1,  4478976, eed5e85a9f76d1877eef57e366e3172d
0,         51,         51,        1,  4478976, fe65e55b1e3c73b78611c76e4032f97f
0,         52,         52,        1,  4478976, 7425f27a08236d3c590e09718b24c94a
0,         53,         53,        1,  4478976, 12bd852f765c8318ec2ae0c893b4acda
0,         54,         54,        1,  4478976, 49b04b1a08e627bcd167c31a0e2ebe52
0,         55,         55,        1,  4478976, 7972e0aeb50ceea234536b31afd0d104
0,         56,         56,        1,  4478976, aa9e8b480d2e98ab18261eb119a3c305
0,         57,         57,        1,  4478976, 9d59bfa74f2ac01b00d02dd26015362b
0,         58,         58,        1,  4478976, aa58b3da1cf871003e724f39f9b6fdf9
0,         59,         59,        1,  4478976, 51c897b75236372afd2178406ed16ae5
0,         60,         60,        1,  4478976, 4d75d8b71f1c61a9f89a73d438949232
0,         61,         61,        1,  4478976, ec443d0e0c9a4b10743dff77622ec022
0,         62,         62,        1,  4478976, 9ec70fe2dc389392c3a2bf817b18d5db
0,         63,         63,        1,  4478976, accd87ac6162c9536df933afc3ae7f56
0,         64,         64,        1,  4478976, fcb599c7eb387aade4e8ef86c5ab97af
0,         65,         65,        1,  4478976, 36df280f1161dd1515a41e9d1da39c71
0,         66,         66,        1,  4478976, 78419eea2b923f9df4b8bde701d8b6bb
0,         67,         67,        1,  4478976, 34e7d567c4ba091d082c25de25f1dbf2
0,         68,         68,        1,  4478976, 498d531129d497d59880614bafb98a75
0,         69,         69,        1,  4478976, e442725e9ceaf40b95d7d3c1c874ff9d
0,         70,         70,        1,  4478976, 9b075d9783831d07572ab7beab68c2f7
0,         71,         71,        1,  4478976, 837c60fd24f3551ff227d30dd90bef64
0,         72,         72,        1,  4478976, 3ce11103d9d48521c983461d6be56702
0,         73,         73,        1,  4478976, 5cc40c2d8fb51443740daa25a25dc4d7
0,         74,         74,        1,  4478976, 4ba213ec14524e79d337abfb8be24caa
0,         75,         75,        1,  4478976, 0b5a7a5a76397a4a7aadceeafa5bcec3
0,         76,         76,        1,  4478976, 6c0e216bfe7c181784b14d7022dc9862
0,         77,         77,        1,  4478976, 8cf7ba8a9d8c653313747df0c184a221
0,         78,         78,        1,  4478976, a5486684c6f04bd34526588cdbb3da21
0,         79,         79,        1,  4478976, 2de8827db26229bd5d1409604db32cdd
0,         80,         80,        1,  4478976, a0740940b96a7e2f60ad2fcb34e8250a
0,         81,         81,        1,  4478976, 2ea92a47f551a1fb5a55a11b1a278bc1
0,         82,         82,        1,  4478976, 5d577237ecfee846b4b094c5aaada373
0,         83,         83,        1,  4478976, 61f4d813362528bbe776275b4ac5d69d
0,         84,         84,        1,  4478976, aacaf64d5e31b6e6199de64b34e3d5df
0,         85,         85,        1,  4478976, 3853c2718d7ec1bb68ffec0be34a8747
0,         86,         86,        1,  4478976, c0f2cb37df388a3e9059fa00d310a985
0,         87,         87,        1,  4478976, d378f7829f1a179a3a155f2238147eb8
0,         88,         88,        1,  4478976, 0e13f83cd5b6498f8c10183960d08b29
0,         89,         89,        1,  4478976, 22e8db9f3d5786e7b81d5796af7e0ccd
0,         90,         90,        1,  4478976, 378f5e27bacd8b933d882f7ed5679cb5
0,         91,         91,        1,  4478976, 738cf1c30ddad3343ca5bef5bf75d500
0,         92,         92,        1,  4478976, 1ffeccceae1b8b506b96a29ce072f558
0,         93,         93,        1,  4478976, fad1b745fcd3d380920a16e9114e86af
0,         94,         94,        1,  4478976, ee3742e8c43ba78e4cd0f8824f144623
0,         95,         95,        1,  4478976, fd958b7c61cca861d491ba68397e5a94
0,         96,         96,        1,  4478976, f47ea2833833d9d0fce2134a69783cd9
0,         97,         97,        1,  4478976, ae2954d839ce9be5171f884412f39a90
0,         98,         98,        1,  4478976, d14abf682a73d054e51e242c16e5ba68
0,         99,         99,        1,  4478976, 74ac43b15396c466193fe8b5a75a677e
0,        100,        100,        1,  4478976, 3fba3ca92948c256a6a4fbac47519765
0,        101,        101,        1,  4478976, d66716ebfb040db7f6a0e9056db1dbf4
0,        102,        102,        1,  4478976, cde8737a8eeb7549848b7fc8c718c2f4
0,        103,        103,        1,  4478976, d236609c0a38a80ff478702039c58b05
0,        104,        104,        1,  4478976, dbbb7ae46cbcfe6171ee26f065dd4b68
0,        105,        105,        1,  4478976, e1079016d18e1300c873538e326de242
0,        106,        106,        1,  4478976, 71d983d5593f1e6ac783a012e6b179b9
0,        107,        107,        1,  4478976, 89681e192631d274d255798170c4eacd
0,        108,        108,        1,  4478976, 669f0a01f2d1346e90fe0c1afc6f065f
0,        109,        109,        1,  4478976, 73ef313d0517b7669ee1fc9981e3022a
0,        110,        110,        1,  4478976, b4d9de6a6de8e2cbefcac2bd14240263
0,        111,        111,        1,  4478976, 8513992f9a3dba53a93a207d1a3befe8
0,        112,        112,        1,  4478976, d9ed9c40e44d672f8c720a764b1ef4fe
0,        113,        113,        1,  4478976, 7c486424291057718fb8852fcaf4b143
0,        114,        114,        1,  4478976, d48f06abb998b7aef2b142c333a48b4e
0,        115,        115,        1,  4478976, 1f62571f0a39e7c7d7f9aee7199b5976
0,        116,        116,        1,  4478976, be3074a894575fc96d7a344dd38f49cb
0,        117,        117,        1,  4478976, fff168733cd2337bad0dba86d8e19d1f
0,        118,        118,        1,  4478976, f55ad9da497da2a45b0808207312f723
0,        119,        119,        1,  4478976, 1ca64ebe17ed4d5ac7e90f8ee1ac8021
0,        120,        120,        1,  4478976, 8a3c47700ccb5edda207764bb1239ca6
0,        121,        121,        1,  4478976, 31aa5d9eeabbf3d26d04aa60d7a8d177
0,        122,        122,        1,  4478976, e5c662c21240676a645609dad7024a95
0,        123,        123,        1,  4478976, 6ff9273d7b5169019422ff2e65f69799
0,        124,        124,        1,  4478976, efda1c3c003758b1646801dcb8da8429
0,        125,        125,        1,  4478976, dfe730cd788be26e7b0e79ac4108a347
0,        126,        126,        1,  4478976, 0339819c020b6bbee7d7b2dd9c7959bf
0,        127,        127,        1,  4478976, 8ac53a39ec570afcf78eb1b09fc8c129
0,        128,        128,        1,  4478976, 266d5c79c74bd5132c264bbe1eb162ed
0,        129,        129,        1,  4478976, 394354f7292139ede28741b93dc5b7da
0,        130,        130,        1,  4478976, 287af07d66e62bce9b398f9f06b3a6a2
0,        131,        131,        1,  4478976, 1d559c4789a133f4b74309fa91c1cf6c
0,        132,        132,        1,  4478976, 111f1acaefa1cf17d74cb1f6fea417e6
0,        133,        133,        1,  4478976, e298e0b1bf871e459b064721683796d6
0,        134,        134,        1,  4478976, bfba9e777db084b191dc310317c8f587
0,        135,        135,        1,  4478976, 947dfb260815b9214c6f6d8065a25264
0,        136,        136,        1,  4478976, 717ce25771259956cdd48ff0c1b28fc8
0,        137,        137,        1,  4478976, 20527e0b6dbfdfac354a66ae88720d7f
0,        138,        138,        1,  4478976, 3f57e5c375c1d6375d5e91700567a3f6
0,        139,        139,        1,  4478976, fd00ba9679a7542adb54f538d5b4eb87
0,        140,        140,        1,  4478976, 1cc6b3ac3fc411c928d1bcbbe857a454
0,        141,        141,        1,  4478976, 99099e734b3c792a17cd8af0bff54bbd
0,        142,        142,        1,  4478976, 228c49491d8c414311a122707f54e96e
0,        143,        143,        1,  4478976, 74e92d5744631f9d8f118a52905fb9c2
0,        144,        144,        1,  4478976, a28ff18d54d69dec020fcc343e149399
0,        145,        145,        1,  4478976, 338e0e81e73dec6fc7c6112c5e0082df
0,        146,        146,        1,  4478976, 6493d972f04f4ff8023e00169a7e874b
0,        147,        147,        1,  4478976, 5a334bb4563a08b442869459b8e2e27d
0,        148,        148,        1,  4478976, 9e2c3c2b84085e560e3a9a5f39d6a205
0,        149,        149,        1,  4478976, d6aefe3b9e87faa7ae3daa88d383a7b9
